1420
2076
44.01543 0.006666362 49.90551
49.90877 0.006666362 49.90551
49.90877 0.006666362 49.79884
44.01543 0.006666362 49.79884
37.18877 0.006666362 49.90551
44.01544 0.006666362 49.90551
44.01544 0.006666362 49.79884
37.18877 0.006666362 49.79884
30.3621 0.006666362 49.90551
37.18877 0.006666362 49.90551
37.18877 0.006666362 49.79884
30.3621 0.006666362 49.79884
23.53544 0.006666362 49.90551
30.3621 0.006666362 49.90551
30.3621 0.006666362 49.79884
23.53544 0.006666362 49.79884
16.70877 0.006666362 49.90551
23.53544 0.006666362 49.90551
23.53544 0.006666362 49.79884
16.70877 0.006666362 49.79884
9.882104 0.006666362 49.90551
16.70877 0.006666362 49.90551
16.70877 0.006666362 49.79884
9.882104 0.006666362 49.79884
3.055438 0.006666362 49.90551
9.882104 0.006666362 49.90551
9.882104 0.006666362 49.79884
3.055438 0.006666362 49.79884
-3.771229 0.006666362 49.90551
3.055438 0.006666362 49.90551
3.055438 0.006666362 49.79884
-3.771229 0.006666362 49.79884
-10.59789 0.006666362 49.90551
-3.771229 0.006666362 49.90551
-3.771229 0.006666362 49.79884
-10.59789 0.006666362 49.79884
-17.42456 0.006666362 49.90551
-10.59789 0.006666362 49.90551
-10.59789 0.006666362 49.79884
-17.42456 0.006666362 49.79884
-24.25123 0.006666362 49.90551
-17.42456 0.006666362 49.90551
-17.42456 0.006666362 49.79884
-24.25123 0.006666362 49.79884
-31.07789 0.006666362 49.90551
-24.25123 0.006666362 49.90551
-24.25123 0.006666362 49.79884
-31.07789 0.006666362 49.79884
-37.90456 0.006666362 49.90551
-31.07789 0.006666362 49.90551
-31.07789 0.006666362 49.79884
-37.90456 0.006666362 49.79884
-44.73123 0.006666362 49.90551
-37.90456 0.006666362 49.90551
-37.90456 0.006666362 49.79884
-44.73123 0.006666362 49.79884
-44.73123 0.006666362 49.90551
-44.73123 0.006666362 49.79884
-49.90456 0.006666362 49.79884
-49.90456 0.006666362 49.90551
44.01543 0.006666362 49.79884
49.90877 0.006666362 49.79884
49.90877 0.006666362 42.97218
44.01543 0.006666362 42.97218
37.18877 0.006666362 49.79884
44.01544 0.006666362 49.79884
44.01544 0.006666362 42.97218
37.18877 0.006666362 42.97218
30.3621 0.006666362 49.79884
37.18877 0.006666362 49.79884
37.18877 0.006666362 42.97218
30.3621 0.006666362 42.97218
23.53544 0.006666362 49.79884
30.3621 0.006666362 49.79884
30.3621 0.006666362 42.97218
23.53544 0.006666362 42.97218
16.70877 0.006666362 49.79884
23.53544 0.006666362 49.79884
23.53544 0.006666362 42.97218
16.70877 0.006666362 42.97218
9.882104 0.006666362 49.79884
16.70877 0.006666362 49.79884
16.70877 0.006666362 42.97218
9.882104 0.006666362 42.97218
3.055438 0.006666362 49.79884
9.882104 0.006666362 49.79884
9.882104 0.006666362 42.97218
3.055438 0.006666362 42.97218
-3.771229 0.006666362 49.79884
3.055438 0.006666362 49.79884
3.055438 0.006666362 42.97218
-3.771229 0.006666362 42.97218
-10.59789 0.006666362 49.79884
-3.771229 0.006666362 49.79884
-3.771229 0.006666362 42.97218
-10.59789 0.006666362 42.97218
-17.42456 0.006666362 49.79884
-10.59789 0.006666362 49.79884
-10.59789 0.006666362 42.97218
-17.42456 0.006666362 42.97218
-24.25123 0.006666362 49.79884
-17.42456 0.006666362 49.79884
-17.42456 0.006666362 42.97218
-24.25123 0.006666362 42.97218
-31.07789 0.006666362 49.79884
-24.25123 0.006666362 49.79884
-24.25123 0.006666362 42.97218
-31.07789 0.006666362 42.97218
-37.90456 0.006666362 49.79884
-31.07789 0.006666362 49.79884
-31.07789 0.006666362 42.97218
-37.90456 0.006666362 42.97218
-44.73123 0.006666362 49.79884
-37.90456 0.006666362 49.79884
-37.90456 0.006666362 42.97218
-44.73123 0.006666362 42.97218
-49.90456 0.006666362 49.79884
-44.73123 0.006666362 49.79884
-44.73123 0.006666362 42.97218
-49.90456 0.006666362 42.97218
44.01543 0.006666362 42.97218
49.90877 0.006666362 42.97218
49.90877 0.006666362 36.14551
44.01543 0.006666362 36.14551
37.18877 0.006666362 42.97218
44.01544 0.006666362 42.97218
44.01544 0.006666362 36.14551
37.18877 0.006666362 36.14551
30.3621 0.006666362 42.97218
37.18877 0.006666362 42.97218
37.18877 0.006666362 36.14551
30.3621 0.006666362 36.14551
23.53544 0.006666362 42.97218
30.3621 0.006666362 42.97218
30.3621 0.006666362 36.14551
23.53544 0.006666362 36.14551
16.70877 0.006666362 42.97218
23.53544 0.006666362 42.97218
23.53544 0.006666362 36.14551
16.70877 0.006666362 36.14551
9.882104 0.006666362 42.97218
16.70877 0.006666362 42.97218
16.70877 0.006666362 36.14551
9.882104 0.006666362 36.14551
3.055438 0.006666362 42.97218
9.882104 0.006666362 42.97218
9.882104 0.006666362 36.14551
3.055438 0.006666362 36.14551
-3.771229 0.006666362 42.97218
3.055438 0.006666362 42.97218
3.055438 0.006666362 36.14551
-3.771229 0.006666362 36.14551
-10.59789 0.006666362 42.97218
-3.771229 0.006666362 42.97218
-3.771229 0.006666362 36.14551
-10.59789 0.006666362 36.14551
-17.42456 0.006666362 42.97218
-10.59789 0.006666362 42.97218
-10.59789 0.006666362 36.14551
-17.42456 0.006666362 36.14551
-24.25123 0.006666362 42.97218
-17.42456 0.006666362 42.97218
-17.42456 0.006666362 36.14551
-24.25123 0.006666362 36.14551
-31.07789 0.006666362 42.97218
-24.25123 0.006666362 42.97218
-24.25123 0.006666362 36.14551
-31.07789 0.006666362 36.14551
-37.90456 0.006666362 42.97218
-31.07789 0.006666362 42.97218
-31.07789 0.006666362 36.14551
-37.90456 0.006666362 36.14551
-44.73123 0.006666362 42.97218
-37.90456 0.006666362 42.97218
-37.90456 0.006666362 36.14551
-44.73123 0.006666362 36.14551
-49.90456 0.006666362 42.97218
-44.73123 0.006666362 42.97218
-44.73123 0.006666362 36.14551
-49.90456 0.006666362 36.14551
44.01543 0.006666362 36.14551
49.90877 0.006666362 36.14551
49.90877 0.006666362 29.31884
44.01543 0.006666362 29.31884
37.18877 0.006666362 36.14551
44.01544 0.006666362 36.14551
44.01544 0.006666362 29.31884
37.18877 0.006666362 29.31884
30.3621 0.006666362 36.14551
37.18877 0.006666362 36.14551
37.18877 0.006666362 29.31884
30.3621 0.006666362 29.31884
23.53544 0.006666362 36.14551
30.3621 0.006666362 36.14551
30.3621 0.006666362 29.31884
23.53544 0.006666362 29.31884
16.70877 0.006666362 36.14551
23.53544 0.006666362 36.14551
23.53544 0.006666362 29.31884
16.70877 0.006666362 29.31884
9.882104 0.006666362 36.14551
16.70877 0.006666362 36.14551
16.70877 0.006666362 29.31884
9.882104 0.006666362 29.31884
3.055438 0.006666362 36.14551
9.882104 0.006666362 36.14551
9.882104 0.006666362 29.31884
3.055438 0.006666362 29.31884
-3.771229 0.006666362 36.14551
3.055438 0.006666362 36.14551
3.055438 0.006666362 29.31884
-3.771229 0.006666362 29.31884
-10.59789 0.006666362 36.14551
-3.771229 0.006666362 36.14551
-3.771229 0.006666362 29.31884
-10.59789 0.006666362 29.31884
-17.42456 0.006666362 36.14551
-10.59789 0.006666362 36.14551
-10.59789 0.006666362 29.31884
-17.42456 0.006666362 29.31884
-24.25123 0.006666362 36.14551
-17.42456 0.006666362 36.14551
-17.42456 0.006666362 29.31884
-24.25123 0.006666362 29.31884
-31.07789 0.006666362 36.14551
-24.25123 0.006666362 36.14551
-24.25123 0.006666362 29.31884
-31.07789 0.006666362 29.31884
-37.90456 0.006666362 36.14551
-31.07789 0.006666362 36.14551
-31.07789 0.006666362 29.31884
-37.90456 0.006666362 29.31884
-44.73123 0.006666362 36.14551
-37.90456 0.006666362 36.14551
-37.90456 0.006666362 29.31884
-44.73123 0.006666362 29.31884
-49.90456 0.006666362 36.14551
-44.73123 0.006666362 36.14551
-44.73123 0.006666362 29.31884
-49.90456 0.006666362 29.31884
44.01543 0.006666362 29.31884
49.90877 0.006666362 29.31884
49.90877 0.006666362 22.49217
44.01543 0.006666362 22.49217
37.18877 0.006666362 29.31884
44.01544 0.006666362 29.31884
44.01544 0.006666362 22.49217
37.18877 0.006666362 22.49217
30.3621 0.006666362 29.31884
37.18877 0.006666362 29.31884
37.18877 0.006666362 22.49217
30.3621 0.006666362 22.49217
23.53544 0.006666362 29.31884
30.3621 0.006666362 29.31884
30.3621 0.006666362 22.49217
23.53544 0.006666362 22.49217
16.70877 0.006666362 29.31884
23.53544 0.006666362 29.31884
23.53544 0.006666362 22.49217
16.70877 0.006666362 22.49217
9.882104 0.006666362 29.31884
16.70877 0.006666362 29.31884
16.70877 0.006666362 22.49217
9.882104 0.006666362 22.49217
3.055438 0.006666362 29.31884
9.882104 0.006666362 29.31884
9.882104 0.006666362 22.49217
3.055438 0.006666362 22.49217
-3.771229 0.006666362 29.31884
3.055438 0.006666362 29.31884
3.055438 0.006666362 22.49217
-3.771229 0.006666362 22.49217
-10.59789 0.006666362 29.31884
-3.771229 0.006666362 29.31884
-3.771229 0.006666362 22.49217
-10.59789 0.006666362 22.49217
-17.42456 0.006666362 29.31884
-10.59789 0.006666362 29.31884
-10.59789 0.006666362 22.49217
-17.42456 0.006666362 22.49217
-24.25123 0.006666362 29.31884
-17.42456 0.006666362 29.31884
-17.42456 0.006666362 22.49217
-24.25123 0.006666362 22.49217
-31.07789 0.006666362 29.31884
-24.25123 0.006666362 29.31884
-24.25123 0.006666362 22.49217
-31.07789 0.006666362 22.49217
-37.90456 0.006666362 29.31884
-31.07789 0.006666362 29.31884
-31.07789 0.006666362 22.49217
-37.90456 0.006666362 22.49217
-44.73123 0.006666362 29.31884
-37.90456 0.006666362 29.31884
-37.90456 0.006666362 22.49217
-44.73123 0.006666362 22.49217
-49.90456 0.006666362 29.31884
-44.73123 0.006666362 29.31884
-44.73123 0.006666362 22.49217
-49.90456 0.006666362 22.49217
44.01543 0.006666362 22.49217
49.90877 0.006666362 22.49217
49.90877 0.006666362 15.66551
44.01543 0.006666362 15.66551
37.18877 0.006666362 22.49217
44.01544 0.006666362 22.49217
44.01544 0.006666362 15.66551
37.18877 0.006666362 15.66551
30.3621 0.006666362 22.49217
37.18877 0.006666362 22.49217
37.18877 0.006666362 15.66551
30.3621 0.006666362 15.66551
23.53544 0.006666362 22.49217
30.3621 0.006666362 22.49217
30.3621 0.006666362 15.66551
23.53544 0.006666362 15.66551
16.70877 0.006666362 22.49217
23.53544 0.006666362 22.49217
23.53544 0.006666362 15.66551
16.70877 0.006666362 15.66551
9.882104 0.006666362 22.49217
16.70877 0.006666362 22.49217
16.70877 0.006666362 15.66551
9.882104 0.006666362 15.66551
3.055438 0.006666362 22.49217
9.882104 0.006666362 22.49217
9.882104 0.006666362 15.66551
3.055438 0.006666362 15.66551
-3.771229 0.006666362 22.49217
3.055438 0.006666362 22.49217
3.055438 0.006666362 15.66551
-3.771229 0.006666362 15.66551
-10.59789 0.006666362 22.49217
-3.771229 0.006666362 22.49217
-3.771229 0.006666362 15.66551
-10.59789 0.006666362 15.66551
-17.42456 0.006666362 22.49217
-10.59789 0.006666362 22.49217
-10.59789 0.006666362 15.66551
-17.42456 0.006666362 15.66551
-24.25123 0.006666362 22.49217
-17.42456 0.006666362 22.49217
-17.42456 0.006666362 15.66551
-24.25123 0.006666362 15.66551
-31.07789 0.006666362 22.49217
-24.25123 0.006666362 22.49217
-24.25123 0.006666362 15.66551
-31.07789 0.006666362 15.66551
-37.90456 0.006666362 22.49217
-31.07789 0.006666362 22.49217
-31.07789 0.006666362 15.66551
-37.90456 0.006666362 15.66551
-44.73123 0.006666362 22.49217
-37.90456 0.006666362 22.49217
-37.90456 0.006666362 15.66551
-44.73123 0.006666362 15.66551
-49.90456 0.006666362 22.49217
-44.73123 0.006666362 22.49217
-44.73123 0.006666362 15.66551
-49.90456 0.006666362 15.66551
44.01543 0.006666362 15.66551
49.90877 0.006666362 15.66551
49.90877 0.006666362 8.838841
44.01543 0.006666362 8.838841
37.18877 0.006666362 15.66551
44.01544 0.006666362 15.66551
44.01544 0.006666362 8.838841
37.18877 0.006666362 8.838841
30.3621 0.006666362 15.66551
37.18877 0.006666362 15.66551
37.18877 0.006666362 8.838841
30.3621 0.006666362 8.838841
23.53544 0.006666362 15.66551
30.3621 0.006666362 15.66551
30.3621 0.006666362 8.838841
23.53544 0.006666362 8.838841
16.70877 0.006666362 15.66551
23.53544 0.006666362 15.66551
23.53544 0.006666362 8.838841
16.70877 0.006666362 8.838841
9.882104 0.006666362 13.10551
14.89544 0.006666362 13.10551
14.89544 0.006666362 8.838841
9.882104 0.006666362 8.838841
9.882104 1.206666 13.10551
14.89544 1.206666 13.10551
14.89544 1.206666 8.838841
9.882104 1.206666 8.838841
16.70877 0.006666362 8.838841
15.0821 0.006666362 8.838841
15.0821 0.006666362 13.23884
16.70877 0.006666362 15.66551
9.882104 0.006666362 15.66551
16.70877 0.006666362 15.66551
15.02877 0.006666362 13.29217
9.882104 0.006666362 13.29217
16.70877 0.006666362 15.66551
15.0821 0.006666362 13.23884
15.02877 0.006666362 13.29217
3.055438 0.006666362 13.10551
9.882104 0.006666362 13.10551
9.882104 0.006666362 8.838841
3.055438 0.006666362 8.838841
3.055438 1.206666 13.10551
9.882104 1.206666 13.10551
9.882104 1.206666 8.838841
3.055438 1.206666 8.838841
3.055438 0.006666362 15.66551
9.882104 0.006666362 15.66551
9.882104 0.006666362 13.29217
3.055438 0.006666362 13.29217
-3.771229 0.006666362 13.10551
3.055438 0.006666362 13.10551
3.055438 0.006666362 8.838841
-3.771229 0.006666362 8.838841
-3.771229 1.206666 13.10551
3.055438 1.206666 13.10551
3.055438 1.206666 8.838841
-3.771229 1.206666 8.838841
-3.771229 0.006666362 15.66551
3.055438 0.006666362 15.66551
3.055438 0.006666362 13.29217
-3.771229 0.006666362 13.29217
-10.59789 0.006666362 13.10551
-3.771229 0.006666362 13.10551
-3.771229 0.006666362 8.838841
-10.59789 0.006666362 8.838841
-10.59789 1.206666 13.10551
-3.771229 1.206666 13.10551
-3.771229 1.206666 8.838841
-10.59789 1.206666 8.838841
-10.59789 0.006666362 15.66551
-3.771229 0.006666362 15.66551
-3.771229 0.006666362 13.29217
-10.59789 0.006666362 13.29217
-15.10456 0.006666362 13.23884
-15.10456 0.006666362 8.838841
-17.42456 0.006666362 8.838841
-17.42456 0.006666362 15.66551
-10.59789 0.006666362 15.66551
-10.59789 0.006666362 13.29217
-15.05123 0.006666362 13.29217
-17.42456 0.006666362 15.66551
-15.05123 0.006666362 13.29217
-15.10456 0.006666362 13.23884
-17.42456 0.006666362 15.66551
-10.59789 0.006666362 13.10551
-10.59789 0.006666362 8.838841
-14.91789 0.006666362 8.838841
-14.91789 0.006666362 13.10551
-10.59789 1.206666 13.10551
-10.59789 1.206666 8.838841
-14.91789 1.206666 8.838841
-14.91789 1.206666 13.10551
-24.25123 0.006666362 15.66551
-17.42456 0.006666362 15.66551
-17.42456 0.006666362 8.838841
-24.25123 0.006666362 8.838841
-31.07789 0.006666362 15.66551
-24.25123 0.006666362 15.66551
-24.25123 0.006666362 8.838841
-31.07789 0.006666362 8.838841
-37.90456 0.006666362 15.66551
-31.07789 0.006666362 15.66551
-31.07789 0.006666362 8.838841
-37.90456 0.006666362 8.838841
-44.73123 0.006666362 15.66551
-37.90456 0.006666362 15.66551
-37.90456 0.006666362 8.838841
-44.73123 0.006666362 8.838841
-49.90456 0.006666362 15.66551
-44.73123 0.006666362 15.66551
-44.73123 0.006666362 8.838841
-49.90456 0.006666362 8.838841
44.01543 0.006666362 8.838841
49.90877 0.006666362 8.838841
49.90877 0.006666362 2.012175
44.01543 0.006666362 2.012175
37.18877 0.006666362 8.838841
44.01544 0.006666362 8.838841
44.01544 0.006666362 2.012175
37.18877 0.006666362 2.012175
30.3621 0.006666362 8.838841
37.18877 0.006666362 8.838841
37.18877 0.006666362 2.012175
30.3621 0.006666362 2.012175
23.53544 0.006666362 8.838841
30.3621 0.006666362 8.838841
30.3621 0.006666362 2.012175
23.53544 0.006666362 2.012175
16.70877 0.006666362 8.838841
23.53544 0.006666362 8.838841
23.53544 0.006666362 2.012175
16.70877 0.006666362 2.012175
9.882104 0.006666362 8.838841
14.89544 0.006666362 8.838841
14.89544 0.006666362 2.012175
9.882104 0.006666362 2.012175
9.882104 1.206666 8.838841
14.89544 1.206666 8.838841
14.89544 1.206666 2.012175
9.882104 1.206666 2.012175
15.0821 0.006666362 8.838841
16.70877 0.006666362 8.838841
16.70877 0.006666362 2.012175
15.0821 0.006666362 2.012175
3.055438 0.006666362 8.838841
9.882104 0.006666362 8.838841
9.882104 0.006666362 2.012175
3.055438 0.006666362 2.012175
3.055438 1.206666 8.838841
9.882104 1.206666 8.838841
9.882104 1.206666 2.012175
3.055438 1.206666 2.012175
-3.771229 0.006666362 8.838841
3.055438 0.006666362 8.838841
3.055438 0.006666362 2.012175
-3.771229 0.006666362 2.012175
-3.771229 1.206666 8.838841
3.055438 1.206666 8.838841
3.055438 1.206666 2.012175
-3.771229 1.206666 2.012175
-10.59789 0.006666362 8.838841
-3.771229 0.006666362 8.838841
-3.771229 0.006666362 2.012175
-10.59789 0.006666362 2.012175
-10.59789 1.206666 8.838841
-3.771229 1.206666 8.838841
-3.771229 1.206666 2.012175
-10.59789 1.206666 2.012175
-17.42456 0.006666362 8.838841
-15.10456 0.006666362 8.838841
-15.10456 0.006666362 2.012175
-17.42456 0.006666362 2.012175
-14.91789 0.006666362 8.838841
-10.59789 0.006666362 8.838841
-10.59789 0.006666362 2.012175
-14.91789 0.006666362 2.012175
-14.91789 1.206666 8.838841
-10.59789 1.206666 8.838841
-10.59789 1.206666 2.012175
-14.91789 1.206666 2.012175
-24.25123 0.006666362 8.838841
-17.42456 0.006666362 8.838841
-17.42456 0.006666362 2.012175
-24.25123 0.006666362 2.012175
-31.07789 0.006666362 8.838841
-24.25123 0.006666362 8.838841
-24.25123 0.006666362 2.012175
-31.07789 0.006666362 2.012175
-37.90456 0.006666362 8.838841
-31.07789 0.006666362 8.838841
-31.07789 0.006666362 2.012175
-37.90456 0.006666362 2.012175
-44.73123 0.006666362 8.838841
-37.90456 0.006666362 8.838841
-37.90456 0.006666362 2.012175
-44.73123 0.006666362 2.012175
-49.90456 0.006666362 8.838841
-44.73123 0.006666362 8.838841
-44.73123 0.006666362 2.012175
-49.90456 0.006666362 2.012175
44.01543 0.006666362 2.012175
49.90877 0.006666362 2.012175
49.90877 0.006666362 -4.814491
44.01543 0.006666362 -4.814491
37.18877 0.006666362 2.012175
44.01544 0.006666362 2.012175
44.01544 0.006666362 -4.814491
37.18877 0.006666362 -4.814491
30.3621 0.006666362 2.012175
37.18877 0.006666362 2.012175
37.18877 0.006666362 -4.814491
30.3621 0.006666362 -4.814491
23.53544 0.006666362 2.012175
30.3621 0.006666362 2.012175
30.3621 0.006666362 -4.814491
23.53544 0.006666362 -4.814491
16.70877 0.006666362 2.012175
23.53544 0.006666362 2.012175
23.53544 0.006666362 -4.814491
16.70877 0.006666362 -4.814491
15.0821 0.006666362 1.158841
15.0821 0.006666362 2.012175
16.70877 0.006666362 2.012175
15.02877 0.006666362 1.105508
15.0821 0.006666362 1.158841
16.70877 0.006666362 2.012175
9.882104 0.006666362 -4.814491
9.882104 0.006666362 -1.587825
10.54877 0.006666362 -1.587825
9.882104 0.006666362 -4.814491
10.54877 0.006666362 -1.587825
10.6021 0.006666362 -1.534492
15.02877 0.006666362 1.105508
16.70877 0.006666362 2.012175
16.70877 0.006666362 -4.814491
10.6021 0.006666362 -1.534492
10.6021 0.006666362 1.105508
15.02877 0.006666362 1.105508
9.882104 3.913333 -3.694492
14.89544 3.913333 -3.694492
14.89544 3.913333 -4.814491
9.882104 3.913333 -4.814491
9.882104 0.006666362 1.105508
10.41544 0.006666362 1.105508
10.41544 0.006666362 -1.401158
9.882104 0.006666362 -1.401158
9.882104 6.006666 1.398842
10.41544 6.006666 1.398842
10.41544 6.006666 -1.401158
9.882104 6.006666 -1.401158
9.882104 0.006666362 1.398842
10.41544 0.006666362 1.398842
10.41544 0.006666362 1.292175
9.882104 0.006666362 1.292175
9.882104 1.206666 1.398842
10.41544 1.206666 1.398842
10.41544 1.206666 1.292175
9.882104 1.206666 1.292175
10.54877 0.006666362 1.585508
9.882104 0.006666362 1.585508
9.882104 0.006666362 2.012175
14.89544 0.006666362 2.012175
14.89544 0.006666362 1.292175
10.6021 0.006666362 1.292175
10.6021 0.006666362 1.532175
14.89544 0.006666362 2.012175
14.89544 0.006666362 1.292175
10.6021 0.006666362 1.532175
10.54877 0.006666362 1.585508
10.54877 1.206666 1.585508
9.882104 1.206666 1.585508
9.882104 1.206666 2.012175
14.89544 1.206666 2.012175
14.89544 1.206666 1.292175
10.6021 1.206666 1.292175
10.6021 1.206666 1.532175
14.89544 1.206666 2.012175
14.89544 1.206666 1.292175
10.6021 1.206666 1.532175
10.54877 1.206666 1.585508
7.455437 0.006666362 -1.587825
9.882104 0.006666362 -1.587825
9.882104 0.006666362 -4.814491
7.402103 0.006666362 -1.534492
7.455437 0.006666362 -1.587825
9.882104 0.006666362 -4.814491
3.055438 0.006666362 -4.814491
3.055438 0.006666362 1.105508
3.055438 0.006666362 1.105508
7.402103 0.006666362 1.105508
7.402103 0.006666362 -1.534492
3.055438 3.913333 -3.694492
9.882104 3.913333 -3.694492
9.882104 3.913333 -4.814491
3.055438 3.913333 -4.814491
9.882104 0.006666362 1.105508
9.882104 0.006666362 -1.401158
7.588771 0.006666362 -1.401158
7.588771 0.006666362 1.105508
9.882104 6.006666 1.398842
9.882104 6.006666 -1.401158
7.588771 6.006666 -1.401158
7.588771 6.006666 1.398842
9.882104 0.006666362 2.012175
9.882104 0.006666362 1.585508
7.455437 0.006666362 1.585508
3.055438 0.006666362 2.012175
7.402103 0.006666362 1.532175
7.402103 0.006666362 1.292175
3.055438 0.006666362 1.292175
7.402103 0.006666362 1.532175
3.055438 0.006666362 1.292175
3.055438 0.006666362 2.012175
7.455437 0.006666362 1.585508
9.882104 1.206666 2.012175
9.882104 1.206666 1.585508
7.455437 1.206666 1.585508
3.055438 1.206666 2.012175
7.402103 1.206666 1.532175
7.402103 1.206666 1.292175
3.055438 1.206666 1.292175
7.402103 1.206666 1.532175
3.055438 1.206666 1.292175
3.055438 1.206666 2.012175
7.455437 1.206666 1.585508
9.882104 0.006666362 1.398842
9.882104 0.006666362 1.292175
7.588771 0.006666362 1.292175
7.588771 0.006666362 1.398842
9.882104 1.206666 1.398842
9.882104 1.206666 1.292175
7.588771 1.206666 1.292175
7.588771 1.206666 1.398842
-1.024562 0.006666362 -4.574492
-1.077896 0.006666362 -4.814491
-3.771229 0.006666362 -4.814491
-3.771229 0.006666362 2.012175
3.055438 0.006666362 2.012175
3.055438 0.006666362 1.292175
-3.771229 0.006666362 1.292175
-3.771229 0.006666362 1.105508
-1.584562 0.006666362 -0.6544917
-1.531229 0.006666362 -0.7078249
-0.1978955 0.006666362 -3.907825
-0.5178957 0.006666362 -4.014492
-3.771229 0.006666362 -4.814491
-3.771229 0.006666362 1.105508
-1.584562 0.006666362 1.105508
-1.584562 0.006666362 -0.6544917
-3.771229 3.913333 -3.694492
3.055438 3.913333 -3.694492
3.055438 3.913333 -4.814491
-3.771229 3.913333 -4.814491
-0.6245623 1.78 -4.814491
-0.6245623 1.766666 -4.734491
-0.5178957 1.82 -4.707825
0.5221043 1.82 -4.707825
0.6021042 1.766666 -4.707825
0.6287708 1.78 -4.814491
0.2821045 1.833333 -4.494492
0.4421043 1.806666 -4.547825
0.4421043 1.846666 -4.627825
-0.331229 1.846666 -4.547825
-0.2778957 1.766666 -4.387825
-0.1978955 1.766666 -4.361158
0.2821045 1.766666 -4.387825
0.2821045 1.833333 -4.494492
-0.5178957 1.819999 -4.707825
-0.4378955 1.806666 -4.547825
-0.331229 1.846666 -4.547825
0.2821045 1.833333 -4.494492
0.4421043 1.846667 -4.627825
0.5221043 1.82 -4.707825
-0.6245623 1.779999 -4.814491
-0.5178957 1.819999 -4.707825
-0.331229 1.846666 -4.547825
0.2821045 1.833333 -4.494492
0.5221043 1.82 -4.707825
0.6287708 1.78 -4.814491
0.3354378 0.2733331 -4.467825
0.5487709 0.2733332 -4.681158
0.5754375 0.2466665 -4.814491
-0.1712289 0.2733331 -4.387825
0.148771 0.2733331 -4.387825
0.3354378 0.2733331 -4.467825
0.5754375 0.2466666 -4.814491
-0.571229 0.2466666 -4.814491
-0.4912291 0.2733332 -4.601158
3.055438 0.006666362 -4.814491
1.082104 0.006666362 -4.814491
0.948771 0.006666362 -4.414492
0.468771 0.006666362 -3.987825
0.1754377 0.006666362 -3.907825
1.535438 0.006666362 -0.7078249
-0.5178957 0.006666362 -4.014492
-0.8912289 0.006666362 -4.334492
-3.771229 0.006666362 -4.814491
-0.8912289 0.006666362 -4.334492
-1.024562 0.006666362 -4.574492
-3.771229 0.006666362 -4.814491
1.402104 1.206666 1.212175
1.402104 0.313333 -0.6544917
-1.397896 0.313333 -0.6544917
-1.397896 1.206666 1.212175
-1.531229 0.006666362 -0.7078249
-1.451229 0.313333 -0.7078249
-0.1978955 0.006666362 -3.907825
1.455438 0.313333 -0.7078249
1.535438 0.006666362 -0.7078249
0.1754377 0.006666362 -3.907825
-1.451229 0.313333 -0.7078249
1.455438 0.313333 -0.7078249
0.1754377 0.006666362 -3.907825
-0.1978955 0.006666362 -3.907825
3.055438 1.206666 2.012175
1.482104 1.206666 1.292175
-1.477895 1.206666 1.292175
-3.771229 1.206666 2.012175
1.482104 1.206666 1.292175
1.402104 1.206666 1.212175
-1.397896 1.206666 1.212175
-1.477895 1.206666 1.292175
3.055438 0.006666362 -4.814491
0.948771 0.006666362 -4.414492
0.7087712 0.006666362 -4.147825
3.055438 1.206666 2.012175
3.055438 1.206666 1.292175
1.482104 1.206666 1.292175
-1.477895 1.206666 1.292175
-3.771229 1.206666 1.292175
-3.771229 1.206666 2.012175
1.402104 0.313333 -0.6544917
1.455438 0.313333 -0.7078249
-1.451229 0.313333 -0.7078249
-1.397896 0.313333 -0.6544917
1.588771 0.006666362 -0.6544917
1.588771 0.006666362 1.105508
3.055438 0.006666362 1.105508
3.055438 0.006666362 -4.814491
0.7087712 0.006666362 -4.147825
0.468771 0.006666362 -3.987825
1.588771 0.006666362 -0.6544917
3.055438 0.006666362 1.105508
0.468771 0.006666362 -3.987825
1.535438 0.006666362 -0.7078249
1.588771 0.006666362 -0.6544917
-10.59789 0.006666362 1.105508
-7.584562 0.006666362 1.105508
-7.584562 0.006666362 -3.641158
-10.59789 0.006666362 -4.814491
-10.59789 0.006666362 2.012175
-3.771229 0.006666362 2.012175
-3.771229 0.006666362 1.292175
-10.59789 0.006666362 1.292175
-7.531229 0.006666362 -3.694492
-4.464562 0.006666362 -3.694492
-3.771229 0.006666362 -4.814491
-10.59789 0.006666362 -4.814491
-3.771229 1.206666 2.012175
-3.771229 1.206666 1.292175
-4.517895 1.206666 1.292175
-4.517895 3.913333 -3.694492
-3.771229 3.913333 -3.694492
-3.771229 3.913333 -4.814491
-4.597896 3.913333 -3.614492
-4.517895 3.913333 -3.694492
-3.771229 3.913333 -4.814491
-10.59789 3.913333 -4.814491
-7.477895 3.913333 -3.694492
-7.477895 1.206666 1.292175
-10.59789 1.206666 1.292175
-10.59789 1.206666 2.012175
-10.59789 3.913333 -4.814491
-10.59789 3.913333 -3.694492
-7.477895 3.913333 -3.694492
-7.477895 1.206666 1.292175
-10.59789 1.206666 2.012175
-3.771229 1.206666 2.012175
-4.517895 1.206666 1.292175
-4.597896 3.913333 -3.614492
-7.477895 3.913333 -3.694492
-7.397895 3.913333 -3.614492
-7.397895 1.513333 1.212175
-7.477895 1.206666 1.292175
-4.517895 1.206666 1.292175
-4.597896 1.513333 1.212175
-7.397895 3.913333 -3.614492
-7.397895 1.513333 1.212175
-4.597896 1.513333 1.212175
-4.597896 3.913333 -3.614492
-7.397895 0.006666362 -1.107825
-7.397895 0.006666362 1.105508
-4.597896 0.006666362 1.105508
-4.597896 0.006666362 -1.107825
-7.397895 0.006666362 -3.507825
-7.397895 0.006666362 -1.294492
-4.597896 0.006666362 -1.294492
-4.597896 0.006666362 -3.507825
-7.584562 0.006666362 -3.641158
-7.531229 0.006666362 -3.694492
-10.59789 0.006666362 -4.814491
-3.771229 0.006666362 -4.814491
-4.464562 0.006666362 -3.694492
-4.411229 0.006666362 -3.641158
-4.411229 0.006666362 -3.641158
-4.411229 0.006666362 1.105508
-3.771229 0.006666362 1.105508
-3.771229 0.006666362 -4.814491
-17.42456 0.006666362 2.012175
-15.10456 0.006666362 2.012175
-15.10456 0.006666362 1.158841
-17.42456 0.006666362 2.012175
-15.10456 0.006666362 1.158841
-15.05123 0.006666362 1.105508
-17.42456 0.006666362 -4.814491
-15.05123 0.006666362 1.105508
-10.59789 0.006666362 1.105508
-10.59789 0.006666362 -4.814491
-17.42456 0.006666362 -4.814491
-10.59789 3.913333 -3.694492
-10.59789 3.913333 -4.814491
-14.91789 3.913333 -4.814491
-14.91789 3.913333 -3.694492
-14.91789 0.006666362 2.012175
-10.59789 0.006666362 2.012175
-10.59789 0.006666362 1.292175
-14.91789 0.006666362 1.292175
-14.91789 1.206666 2.012175
-10.59789 1.206666 2.012175
-10.59789 1.206666 1.292175
-14.91789 1.206666 1.292175
-24.25123 0.006666362 2.012175
-17.42456 0.006666362 2.012175
-17.42456 0.006666362 -4.814491
-24.25123 0.006666362 -4.814491
-31.07789 0.006666362 2.012175
-24.25123 0.006666362 2.012175
-24.25123 0.006666362 -4.814491
-31.07789 0.006666362 -4.814491
-37.90456 0.006666362 2.012175
-31.07789 0.006666362 2.012175
-31.07789 0.006666362 -4.814491
-37.90456 0.006666362 -4.814491
-44.73123 0.006666362 2.012175
-37.90456 0.006666362 2.012175
-37.90456 0.006666362 -4.814491
-44.73123 0.006666362 -4.814491
-49.90456 0.006666362 2.012175
-44.73123 0.006666362 2.012175
-44.73123 0.006666362 -4.814491
-49.90456 0.006666362 -4.814491
44.01543 0.006666362 -4.814491
49.90877 0.006666362 -4.814491
49.90877 0.006666362 -11.64116
44.01543 0.006666362 -11.64116
37.18877 0.006666362 -4.814491
44.01544 0.006666362 -4.814491
44.01544 0.006666362 -11.64116
37.18877 0.006666362 -11.64116
30.3621 0.006666362 -4.814491
37.18877 0.006666362 -4.814491
37.18877 0.006666362 -11.64116
30.3621 0.006666362 -11.64116
23.53544 0.006666362 -4.814491
30.3621 0.006666362 -4.814491
30.3621 0.006666362 -11.64116
23.53544 0.006666362 -11.64116
16.70877 0.006666362 -4.814491
23.53544 0.006666362 -4.814491
23.53544 0.006666362 -11.64116
16.70877 0.006666362 -11.64116
9.882104 0.006666362 -4.814491
16.70877 0.006666362 -4.814491
16.70877 0.006666362 -11.64116
9.882104 0.006666362 -11.64116
9.882104 3.913333 -4.814491
14.89544 3.913333 -4.814491
14.89544 3.913333 -6.494492
9.882104 3.913333 -6.494492
3.055438 0.006666362 -4.814491
9.882104 0.006666362 -4.814491
9.882104 0.006666362 -11.64116
3.055438 0.006666362 -11.64116
3.055438 3.913333 -4.814491
9.882104 3.913333 -4.814491
9.882104 3.913333 -6.494492
3.055438 3.913333 -6.494492
-3.771229 0.006666362 -4.814491
-0.5978956 0.006666362 -5.934491
-0.1712289 0.006666362 -6.094492
3.055438 0.006666362 -11.64116
-3.771229 0.006666362 -11.64116
-0.1712289 0.006666362 -6.094492
0.148771 0.006666362 -6.094492
3.055438 0.006666362 -11.64116
-0.4112289 0.2733331 -5.481158
-0.6245623 0.2733331 -5.107825
-0.571229 0.2466664 -4.814491
0.5754375 0.2466664 -4.814491
0.468771 0.2733331 -5.427825
0.148771 0.2733328 -5.614491
-3.771229 3.913333 -4.814491
3.055438 3.913333 -4.814491
3.055438 3.913333 -6.494492
-3.771229 3.913333 -6.494492
-3.771229 0.006666362 -4.814491
-1.077896 0.006666362 -4.814491
-1.077896 0.006666362 -5.267825
0.5754375 0.2466664 -4.814491
0.6287708 0.273333 -5.054491
0.468771 0.2733331 -5.427825
0.148771 0.2733326 -5.614491
-0.1445622 0.2733328 -5.614491
-0.4112289 0.2733331 -5.481158
-0.4112289 0.2733331 -5.481158
-0.5445623 0.2733331 -5.321158
-0.6245623 0.2733331 -5.107825
1.082104 0.006666362 -5.267825
1.082104 0.006666362 -4.814491
3.055438 0.006666362 -4.814491
-3.771229 0.006666362 -4.814491
-0.9445622 0.006666362 -5.587825
-0.5978956 0.006666362 -5.934491
-3.771229 0.006666362 -4.814491
-1.077896 0.006666362 -5.267825
-0.9445622 0.006666362 -5.587825
-0.6245623 0.2733331 -5.107825
-0.6245623 0.2733331 -4.894491
-0.571229 0.2466664 -4.814491
0.4421043 1.846666 -5.374492
0.4421043 1.793333 -5.454492
0.2821045 1.833333 -5.507825
-0.1712289 1.766667 -5.641158
-0.2778957 1.766667 -5.614491
-0.331229 1.846666 -5.454492
0.2821045 1.833333 -5.507825
0.2821045 1.766667 -5.614491
-0.331229 1.846666 -5.454492
-0.4378955 1.806666 -5.454492
-0.5178957 1.82 -5.294492
-0.331229 1.846666 -5.454492
-0.5178957 1.82 -5.294492
-0.6245623 1.78 -4.814491
0.6287708 1.78 -4.814491
0.4421043 1.846666 -5.374492
0.2821045 1.833333 -5.507825
-0.5178957 1.82 -5.294492
-0.6245623 1.753333 -5.267825
-0.6245623 1.78 -4.814491
0.6287708 1.78 -4.814491
0.6287708 1.766666 -5.241158
0.4421043 1.846666 -5.374492
0.948771 0.006666362 -5.587825
1.082104 0.006666362 -5.267825
3.055438 0.006666362 -4.814491
0.6021042 0.006666362 -5.934491
0.948771 0.006666362 -5.587825
3.055438 0.006666362 -4.814491
3.055438 0.006666362 -11.64116
3.055438 0.006666362 -11.64116
0.148771 0.006666362 -6.094492
0.6021042 0.006666362 -5.934491
-10.59789 0.006666362 -4.814491
-3.771229 0.006666362 -4.814491
-3.771229 0.006666362 -11.64116
-10.59789 0.006666362 -11.64116
-10.59789 3.913333 -4.814491
-3.771229 3.913333 -4.814491
-3.771229 3.913333 -6.494492
-10.59789 3.913333 -6.494492
-17.42456 0.006666362 -4.814491
-10.59789 0.006666362 -4.814491
-10.59789 0.006666362 -11.64116
-17.42456 0.006666362 -11.64116
-14.91789 3.913333 -4.814491
-10.59789 3.913333 -4.814491
-10.59789 3.913333 -6.494492
-14.91789 3.913333 -6.494492
-24.25123 0.006666362 -4.814491
-17.42456 0.006666362 -4.814491
-17.42456 0.006666362 -11.64116
-24.25123 0.006666362 -11.64116
-31.07789 0.006666362 -4.814491
-24.25123 0.006666362 -4.814491
-24.25123 0.006666362 -11.64116
-31.07789 0.006666362 -11.64116
-37.90456 0.006666362 -4.814491
-31.07789 0.006666362 -4.814491
-31.07789 0.006666362 -11.64116
-37.90456 0.006666362 -11.64116
-44.73123 0.006666362 -4.814491
-37.90456 0.006666362 -4.814491
-37.90456 0.006666362 -11.64116
-44.73123 0.006666362 -11.64116
-49.90456 0.006666362 -4.814491
-44.73123 0.006666362 -4.814491
-44.73123 0.006666362 -11.64116
-49.90456 0.006666362 -11.64116
44.01543 0.006666362 -11.64116
49.90877 0.006666362 -11.64116
49.90877 0.006666362 -18.46782
44.01543 0.006666362 -18.46782
37.18877 0.006666362 -11.64116
44.01544 0.006666362 -11.64116
44.01544 0.006666362 -18.46782
37.18877 0.006666362 -18.46782
30.3621 0.006666362 -11.64116
37.18877 0.006666362 -11.64116
37.18877 0.006666362 -18.46782
30.3621 0.006666362 -18.46782
23.53544 0.006666362 -11.64116
30.3621 0.006666362 -11.64116
30.3621 0.006666362 -18.46782
23.53544 0.006666362 -18.46782
16.70877 0.006666362 -11.64116
23.53544 0.006666362 -11.64116
23.53544 0.006666362 -18.46782
16.70877 0.006666362 -18.46782
9.882104 0.006666362 -11.64116
16.70877 0.006666362 -11.64116
16.70877 0.006666362 -18.46782
9.882104 0.006666362 -18.46782
3.055438 0.006666362 -11.64116
9.882104 0.006666362 -11.64116
9.882104 0.006666362 -18.46782
3.055438 0.006666362 -18.46782
-3.771229 0.006666362 -11.64116
3.055438 0.006666362 -11.64116
3.055438 0.006666362 -18.46782
-3.771229 0.006666362 -18.46782
-10.59789 0.006666362 -11.64116
-3.771229 0.006666362 -11.64116
-3.771229 0.006666362 -18.46782
-10.59789 0.006666362 -18.46782
-17.42456 0.006666362 -11.64116
-10.59789 0.006666362 -11.64116
-10.59789 0.006666362 -18.46782
-17.42456 0.006666362 -18.46782
-24.25123 0.006666362 -11.64116
-17.42456 0.006666362 -11.64116
-17.42456 0.006666362 -18.46782
-24.25123 0.006666362 -18.46782
-31.07789 0.006666362 -11.64116
-24.25123 0.006666362 -11.64116
-24.25123 0.006666362 -18.46782
-31.07789 0.006666362 -18.46782
-37.90456 0.006666362 -11.64116
-31.07789 0.006666362 -11.64116
-31.07789 0.006666362 -18.46782
-37.90456 0.006666362 -18.46782
-44.73123 0.006666362 -11.64116
-37.90456 0.006666362 -11.64116
-37.90456 0.006666362 -18.46782
-44.73123 0.006666362 -18.46782
-49.90456 0.006666362 -11.64116
-44.73123 0.006666362 -11.64116
-44.73123 0.006666362 -18.46782
-49.90456 0.006666362 -18.46782
44.01543 0.006666362 -18.46782
49.90877 0.006666362 -18.46782
49.90877 0.006666362 -25.29449
44.01543 0.006666362 -25.29449
37.18877 0.006666362 -18.46782
44.01544 0.006666362 -18.46782
44.01544 0.006666362 -25.29449
37.18877 0.006666362 -25.29449
30.3621 0.006666362 -18.46782
37.18877 0.006666362 -18.46782
37.18877 0.006666362 -25.29449
30.3621 0.006666362 -25.29449
23.53544 0.006666362 -18.46782
30.3621 0.006666362 -18.46782
30.3621 0.006666362 -25.29449
23.53544 0.006666362 -25.29449
16.70877 0.006666362 -18.46782
23.53544 0.006666362 -18.46782
23.53544 0.006666362 -25.29449
16.70877 0.006666362 -25.29449
9.882104 0.006666362 -18.46782
16.70877 0.006666362 -18.46782
16.70877 0.006666362 -25.29449
9.882104 0.006666362 -25.29449
3.055438 0.006666362 -18.46782
9.882104 0.006666362 -18.46782
9.882104 0.006666362 -25.29449
3.055438 0.006666362 -25.29449
-3.771229 0.006666362 -18.46782
3.055438 0.006666362 -18.46782
3.055438 0.006666362 -25.29449
-3.771229 0.006666362 -25.29449
-10.59789 0.006666362 -18.46782
-3.771229 0.006666362 -18.46782
-3.771229 0.006666362 -25.29449
-10.59789 0.006666362 -25.29449
-17.42456 0.006666362 -18.46782
-10.59789 0.006666362 -18.46782
-10.59789 0.006666362 -25.29449
-17.42456 0.006666362 -25.29449
-24.25123 0.006666362 -18.46782
-17.42456 0.006666362 -18.46782
-17.42456 0.006666362 -25.29449
-24.25123 0.006666362 -25.29449
-31.07789 0.006666362 -18.46782
-24.25123 0.006666362 -18.46782
-24.25123 0.006666362 -25.29449
-31.07789 0.006666362 -25.29449
-37.90456 0.006666362 -18.46782
-31.07789 0.006666362 -18.46782
-31.07789 0.006666362 -25.29449
-37.90456 0.006666362 -25.29449
-44.73123 0.006666362 -18.46782
-37.90456 0.006666362 -18.46782
-37.90456 0.006666362 -25.29449
-44.73123 0.006666362 -25.29449
-49.90456 0.006666362 -18.46782
-44.73123 0.006666362 -18.46782
-44.73123 0.006666362 -25.29449
-49.90456 0.006666362 -25.29449
44.01543 0.006666362 -25.29449
49.90877 0.006666362 -25.29449
49.90877 0.006666362 -32.12115
44.01543 0.006666362 -32.12115
37.18877 0.006666362 -25.29449
44.01544 0.006666362 -25.29449
44.01544 0.006666362 -32.12115
37.18877 0.006666362 -32.12115
30.3621 0.006666362 -25.29449
37.18877 0.006666362 -25.29449
37.18877 0.006666362 -32.12115
30.3621 0.006666362 -32.12115
23.53544 0.006666362 -25.29449
30.3621 0.006666362 -25.29449
30.3621 0.006666362 -32.12115
23.53544 0.006666362 -32.12115
16.70877 0.006666362 -25.29449
23.53544 0.006666362 -25.29449
23.53544 0.006666362 -32.12115
16.70877 0.006666362 -32.12115
9.882104 0.006666362 -25.29449
16.70877 0.006666362 -25.29449
16.70877 0.006666362 -32.12115
9.882104 0.006666362 -32.12115
3.055438 0.006666362 -25.29449
9.882104 0.006666362 -25.29449
9.882104 0.006666362 -32.12115
3.055438 0.006666362 -32.12115
-3.771229 0.006666362 -25.29449
3.055438 0.006666362 -25.29449
3.055438 0.006666362 -32.12115
-3.771229 0.006666362 -32.12115
-10.59789 0.006666362 -25.29449
-3.771229 0.006666362 -25.29449
-3.771229 0.006666362 -32.12115
-10.59789 0.006666362 -32.12115
-17.42456 0.006666362 -25.29449
-10.59789 0.006666362 -25.29449
-10.59789 0.006666362 -32.12115
-17.42456 0.006666362 -32.12115
-24.25123 0.006666362 -25.29449
-17.42456 0.006666362 -25.29449
-17.42456 0.006666362 -32.12115
-24.25123 0.006666362 -32.12115
-31.07789 0.006666362 -25.29449
-24.25123 0.006666362 -25.29449
-24.25123 0.006666362 -32.12115
-31.07789 0.006666362 -32.12115
-37.90456 0.006666362 -25.29449
-31.07789 0.006666362 -25.29449
-31.07789 0.006666362 -32.12115
-37.90456 0.006666362 -32.12115
-44.73123 0.006666362 -25.29449
-37.90456 0.006666362 -25.29449
-37.90456 0.006666362 -32.12115
-44.73123 0.006666362 -32.12115
-49.90456 0.006666362 -25.29449
-44.73123 0.006666362 -25.29449
-44.73123 0.006666362 -32.12115
-49.90456 0.006666362 -32.12115
44.01543 0.006666362 -32.12115
49.90877 0.006666362 -32.12115
49.90877 0.006666362 -38.94782
44.01543 0.006666362 -38.94782
37.18877 0.006666362 -32.12115
44.01544 0.006666362 -32.12115
44.01544 0.006666362 -38.94782
37.18877 0.006666362 -38.94782
30.3621 0.006666362 -32.12115
37.18877 0.006666362 -32.12115
37.18877 0.006666362 -38.94782
30.3621 0.006666362 -38.94782
23.53544 0.006666362 -32.12115
30.3621 0.006666362 -32.12115
30.3621 0.006666362 -38.94782
23.53544 0.006666362 -38.94782
16.70877 0.006666362 -32.12115
23.53544 0.006666362 -32.12115
23.53544 0.006666362 -38.94782
16.70877 0.006666362 -38.94782
9.882104 0.006666362 -32.12115
16.70877 0.006666362 -32.12115
16.70877 0.006666362 -38.94782
9.882104 0.006666362 -38.94782
3.055438 0.006666362 -32.12115
9.882104 0.006666362 -32.12115
9.882104 0.006666362 -38.94782
3.055438 0.006666362 -38.94782
-3.771229 0.006666362 -32.12115
3.055438 0.006666362 -32.12115
3.055438 0.006666362 -38.94782
-3.771229 0.006666362 -38.94782
-10.59789 0.006666362 -32.12115
-3.771229 0.006666362 -32.12115
-3.771229 0.006666362 -38.94782
-10.59789 0.006666362 -38.94782
-17.42456 0.006666362 -32.12115
-10.59789 0.006666362 -32.12115
-10.59789 0.006666362 -38.94782
-17.42456 0.006666362 -38.94782
-24.25123 0.006666362 -32.12115
-17.42456 0.006666362 -32.12115
-17.42456 0.006666362 -38.94782
-24.25123 0.006666362 -38.94782
-31.07789 0.006666362 -32.12115
-24.25123 0.006666362 -32.12115
-24.25123 0.006666362 -38.94782
-31.07789 0.006666362 -38.94782
-37.90456 0.006666362 -32.12115
-31.07789 0.006666362 -32.12115
-31.07789 0.006666362 -38.94782
-37.90456 0.006666362 -38.94782
-44.73123 0.006666362 -32.12115
-37.90456 0.006666362 -32.12115
-37.90456 0.006666362 -38.94782
-44.73123 0.006666362 -38.94782
-49.90456 0.006666362 -32.12115
-44.73123 0.006666362 -32.12115
-44.73123 0.006666362 -38.94782
-49.90456 0.006666362 -38.94782
44.01543 0.006666362 -38.94782
49.90877 0.006666362 -38.94782
49.90877 0.006666362 -45.77449
44.01543 0.006666362 -45.77449
37.18877 0.006666362 -38.94782
44.01544 0.006666362 -38.94782
44.01544 0.006666362 -45.77449
37.18877 0.006666362 -45.77449
30.3621 0.006666362 -38.94782
37.18877 0.006666362 -38.94782
37.18877 0.006666362 -45.77449
30.3621 0.006666362 -45.77449
23.53544 0.006666362 -38.94782
30.3621 0.006666362 -38.94782
30.3621 0.006666362 -45.77449
23.53544 0.006666362 -45.77449
16.70877 0.006666362 -38.94782
23.53544 0.006666362 -38.94782
23.53544 0.006666362 -45.77449
16.70877 0.006666362 -45.77449
9.882104 0.006666362 -38.94782
16.70877 0.006666362 -38.94782
16.70877 0.006666362 -45.77449
9.882104 0.006666362 -45.77449
3.055438 0.006666362 -38.94782
9.882104 0.006666362 -38.94782
9.882104 0.006666362 -45.77449
3.055438 0.006666362 -45.77449
-3.771229 0.006666362 -38.94782
3.055438 0.006666362 -38.94782
3.055438 0.006666362 -45.77449
-3.771229 0.006666362 -45.77449
-10.59789 0.006666362 -38.94782
-3.771229 0.006666362 -38.94782
-3.771229 0.006666362 -45.77449
-10.59789 0.006666362 -45.77449
-17.42456 0.006666362 -38.94782
-10.59789 0.006666362 -38.94782
-10.59789 0.006666362 -45.77449
-17.42456 0.006666362 -45.77449
-24.25123 0.006666362 -38.94782
-17.42456 0.006666362 -38.94782
-17.42456 0.006666362 -45.77449
-24.25123 0.006666362 -45.77449
-31.07789 0.006666362 -38.94782
-24.25123 0.006666362 -38.94782
-24.25123 0.006666362 -45.77449
-31.07789 0.006666362 -45.77449
-37.90456 0.006666362 -38.94782
-31.07789 0.006666362 -38.94782
-31.07789 0.006666362 -45.77449
-37.90456 0.006666362 -45.77449
-44.73123 0.006666362 -38.94782
-37.90456 0.006666362 -38.94782
-37.90456 0.006666362 -45.77449
-44.73123 0.006666362 -45.77449
-49.90456 0.006666362 -38.94782
-44.73123 0.006666362 -38.94782
-44.73123 0.006666362 -45.77449
-49.90456 0.006666362 -45.77449
44.01543 0.006666362 -45.77449
49.90877 0.006666362 -45.77449
49.90877 0.006666362 -49.90782
44.01543 0.006666362 -49.90782
37.18877 0.006666362 -45.77449
44.01544 0.006666362 -45.77449
44.01544 0.006666362 -49.90782
37.18877 0.006666362 -49.90782
30.3621 0.006666362 -45.77449
37.18877 0.006666362 -45.77449
37.18877 0.006666362 -49.90782
30.3621 0.006666362 -49.90782
23.53544 0.006666362 -45.77449
30.3621 0.006666362 -45.77449
30.3621 0.006666362 -49.90782
23.53544 0.006666362 -49.90782
16.70877 0.006666362 -45.77449
23.53544 0.006666362 -45.77449
23.53544 0.006666362 -49.90782
16.70877 0.006666362 -49.90782
9.882104 0.006666362 -45.77449
16.70877 0.006666362 -45.77449
16.70877 0.006666362 -49.90782
9.882104 0.006666362 -49.90782
3.055438 0.006666362 -45.77449
9.882104 0.006666362 -45.77449
9.882104 0.006666362 -49.90782
3.055438 0.006666362 -49.90782
-3.771229 0.006666362 -45.77449
3.055438 0.006666362 -45.77449
3.055438 0.006666362 -49.90782
-3.771229 0.006666362 -49.90782
-10.59789 0.006666362 -45.77449
-3.771229 0.006666362 -45.77449
-3.771229 0.006666362 -49.90782
-10.59789 0.006666362 -49.90782
-17.42456 0.006666362 -45.77449
-10.59789 0.006666362 -45.77449
-10.59789 0.006666362 -49.90782
-17.42456 0.006666362 -49.90782
-24.25123 0.006666362 -45.77449
-17.42456 0.006666362 -45.77449
-17.42456 0.006666362 -49.90782
-24.25123 0.006666362 -49.90782
-31.07789 0.006666362 -45.77449
-24.25123 0.006666362 -45.77449
-24.25123 0.006666362 -49.90782
-31.07789 0.006666362 -49.90782
-37.90456 0.006666362 -45.77449
-31.07789 0.006666362 -45.77449
-31.07789 0.006666362 -49.90782
-37.90456 0.006666362 -49.90782
-44.73123 0.006666362 -45.77449
-37.90456 0.006666362 -45.77449
-37.90456 0.006666362 -49.90782
-44.73123 0.006666362 -49.90782
-49.90456 0.006666362 -45.77449
-44.73123 0.006666362 -45.77449
-44.73123 0.006666362 -49.90782
-49.90456 0.006666362 -49.90782
0
1
2
0
2
3
4
5
6
4
6
7
8
9
10
8
10
11
12
13
14
12
14
15
16
17
18
16
18
19
20
21
22
20
22
23
24
25
26
24
26
27
28
29
30
28
30
31
32
33
34
32
34
35
36
37
38
36
38
39
40
41
42
40
42
43
44
45
46
44
46
47
48
49
50
48
50
51
52
53
54
52
54
55
56
57
58
56
58
59
60
61
62
60
62
63
64
65
66
64
66
67
68
69
70
68
70
71
72
73
74
72
74
75
76
77
78
76
78
79
80
81
82
80
82
83
84
85
86
84
86
87
88
89
90
88
90
91
92
93
94
92
94
95
96
97
98
96
98
99
100
101
102
100
102
103
104
105
106
104
106
107
108
109
110
108
110
111
112
113
114
112
114
115
116
117
118
116
118
119
120
121
122
120
122
123
124
125
126
124
126
127
128
129
130
128
130
131
132
133
134
132
134
135
136
137
138
136
138
139
140
141
142
140
142
143
144
145
146
144
146
147
148
149
150
148
150
151
152
153
154
152
154
155
156
157
158
156
158
159
160
161
162
160
162
163
164
165
166
164
166
167
168
169
170
168
170
171
172
173
174
172
174
175
176
177
178
176
178
179
180
181
182
180
182
183
184
185
186
184
186
187
188
189
190
188
190
191
192
193
194
192
194
195
196
197
198
196
198
199
200
201
202
200
202
203
204
205
206
204
206
207
208
209
210
208
210
211
212
213
214
212
214
215
216
217
218
216
218
219
220
221
222
220
222
223
224
225
226
224
226
227
228
229
230
228
230
231
232
233
234
232
234
235
236
237
238
236
238
239
240
241
242
240
242
243
244
245
246
244
246
247
248
249
250
248
250
251
252
253
254
252
254
255
256
257
258
256
258
259
260
261
262
260
262
263
264
265
266
264
266
267
268
269
270
268
270
271
272
273
274
272
274
275
276
277
278
276
278
279
280
281
282
280
282
283
284
285
286
284
286
287
288
289
290
288
290
291
292
293
294
292
294
295
296
297
298
296
298
299
300
301
302
300
302
303
304
305
306
304
306
307
308
309
310
308
310
311
312
313
314
312
314
315
316
317
318
316
318
319
320
321
322
320
322
323
324
325
326
324
326
327
328
329
330
328
330
331
332
333
334
332
334
335
336
337
338
336
338
339
340
341
342
340
342
343
344
345
346
344
346
347
348
349
350
348
350
351
352
353
354
352
354
355
356
357
358
356
358
359
360
361
362
360
362
363
364
365
366
364
366
367
368
369
370
368
370
371
372
373
374
372
374
375
376
377
378
376
378
379
380
381
382
380
382
383
384
385
386
384
386
387
388
389
390
388
390
391
392
393
394
392
394
395
396
397
398
399
400
401
399
401
402
403
404
405
403
405
406
407
408
409
407
409
410
411
412
413
411
413
414
415
416
417
415
417
418
419
420
421
419
421
422
423
424
425
423
425
426
427
428
429
427
429
430
431
432
433
431
433
434
435
436
437
435
437
438
439
440
441
439
441
442
443
444
445
446
447
448
446
448
449
450
451
452
450
452
453
454
455
456
454
456
457
458
459
460
458
460
461
462
463
464
462
464
465
466
467
468
466
468
469
470
471
472
470
472
473
474
475
476
474
476
477
478
479
480
478
480
481
482
483
484
482
484
485
486
487
488
486
488
489
490
491
492
490
492
493
494
495
496
494
496
497
498
499
500
498
500
501
502
503
504
502
504
505
506
507
508
506
508
509
510
511
512
510
512
513
514
515
516
514
516
517
518
519
520
518
520
521
522
523
524
522
524
525
526
527
528
526
528
529
530
531
532
530
532
533
534
535
536
534
536
537
538
539
540
538
540
541
542
543
544
542
544
545
546
547
548
546
548
549
550
551
552
550
552
553
554
555
556
554
556
557
558
559
560
558
560
561
562
563
564
562
564
565
566
567
568
566
568
569
570
571
572
570
572
573
574
575
576
574
576
577
578
579
580
578
580
581
582
583
584
585
586
587
588
589
590
591
592
593
591
593
594
591
594
595
591
595
596
597
598
599
600
601
602
600
602
603
604
605
606
604
606
607
608
609
610
608
610
611
612
613
614
612
614
615
616
617
618
616
618
619
620
621
622
620
622
623
624
625
626
627
628
629
627
629
630
631
632
633
631
633
634
635
636
637
638
639
640
638
640
641
642
643
644
645
646
647
645
647
648
645
648
649
650
651
652
653
654
655
653
655
656
657
658
659
657
659
660
661
662
663
661
663
664
665
666
667
665
667
668
669
670
671
672
673
674
672
674
675
676
677
678
676
678
679
680
681
682
683
684
685
683
685
686
687
688
689
687
689
690
691
692
693
691
693
694
695
696
697
698
699
700
698
700
701
702
703
704
702
704
705
702
705
706
702
706
707
708
709
710
711
712
713
711
713
714
715
716
717
718
719
720
721
722
723
724
725
726
724
726
727
724
727
728
729
730
731
732
733
734
735
736
737
735
737
738
735
738
739
735
739
740
741
742
743
744
745
746
744
746
747
744
747
748
744
748
749
750
751
752
753
754
755
756
757
758
759
760
761
762
763
764
762
764
765
766
767
768
769
770
771
772
773
774
772
774
775
776
777
778
776
778
779
780
781
782
780
782
783
784
785
786
787
788
789
790
791
792
793
794
795
793
795
796
797
798
799
800
801
802
800
802
803
800
803
804
805
806
807
808
809
810
808
810
811
812
813
814
812
814
815
816
817
818
816
818
819
820
821
822
823
824
825
826
827
828
826
828
829
826
829
830
831
832
833
834
835
836
837
838
839
837
839
840
841
842
843
844
845
846
844
846
847
848
849
850
848
850
851
852
853
854
852
854
855
856
857
858
856
858
859
860
861
862
863
864
865
866
867
868
866
868
869
870
871
872
873
874
875
873
875
876
877
878
879
877
879
880
881
882
883
881
883
884
885
886
887
885
887
888
889
890
891
889
891
892
893
894
895
893
895
896
897
898
899
897
899
900
901
902
903
901
903
904
905
906
907
905
907
908
909
910
911
909
911
912
913
914
915
913
915
916
917
918
919
917
919
920
921
922
923
921
923
924
925
926
927
925
927
928
929
930
931
929
931
932
933
934
935
933
935
936
937
938
939
937
939
940
941
942
943
941
943
944
945
946
947
945
947
948
949
950
951
949
951
952
949
952
953
954
955
956
957
958
959
957
959
960
957
960
961
957
961
962
963
964
965
963
965
966
967
968
969
970
971
972
973
974
975
976
977
978
979
980
981
982
983
984
985
986
987
988
989
990
991
992
993
994
995
996
994
996
997
994
997
998
999
1000
1001
1002
1003
1004
1002
1004
1005
1002
1005
1006
1002
1006
1007
1008
1009
1010
1011
1012
1013
1014
1015
1016
1017
1018
1019
1017
1019
1020
1021
1022
1023
1024
1025
1026
1024
1026
1027
1028
1029
1030
1028
1030
1031
1032
1033
1034
1032
1034
1035
1036
1037
1038
1036
1038
1039
1040
1041
1042
1040
1042
1043
1044
1045
1046
1044
1046
1047
1048
1049
1050
1048
1050
1051
1052
1053
1054
1052
1054
1055
1056
1057
1058
1056
1058
1059
1060
1061
1062
1060
1062
1063
1064
1065
1066
1064
1066
1067
1068
1069
1070
1068
1070
1071
1072
1073
1074
1072
1074
1075
1076
1077
1078
1076
1078
1079
1080
1081
1082
1080
1082
1083
1084
1085
1086
1084
1086
1087
1088
1089
1090
1088
1090
1091
1092
1093
1094
1092
1094
1095
1096
1097
1098
1096
1098
1099
1100
1101
1102
1100
1102
1103
1104
1105
1106
1104
1106
1107
1108
1109
1110
1108
1110
1111
1112
1113
1114
1112
1114
1115
1116
1117
1118
1116
1118
1119
1120
1121
1122
1120
1122
1123
1124
1125
1126
1124
1126
1127
1128
1129
1130
1128
1130
1131
1132
1133
1134
1132
1134
1135
1136
1137
1138
1136
1138
1139
1140
1141
1142
1140
1142
1143
1144
1145
1146
1144
1146
1147
1148
1149
1150
1148
1150
1151
1152
1153
1154
1152
1154
1155
1156
1157
1158
1156
1158
1159
1160
1161
1162
1160
1162
1163
1164
1165
1166
1164
1166
1167
1168
1169
1170
1168
1170
1171
1172
1173
1174
1172
1174
1175
1176
1177
1178
1176
1178
1179
1180
1181
1182
1180
1182
1183
1184
1185
1186
1184
1186
1187
1188
1189
1190
1188
1190
1191
1192
1193
1194
1192
1194
1195
1196
1197
1198
1196
1198
1199
1200
1201
1202
1200
1202
1203
1204
1205
1206
1204
1206
1207
1208
1209
1210
1208
1210
1211
1212
1213
1214
1212
1214
1215
1216
1217
1218
1216
1218
1219
1220
1221
1222
1220
1222
1223
1224
1225
1226
1224
1226
1227
1228
1229
1230
1228
1230
1231
1232
1233
1234
1232
1234
1235
1236
1237
1238
1236
1238
1239
1240
1241
1242
1240
1242
1243
1244
1245
1246
1244
1246
1247
1248
1249
1250
1248
1250
1251
1252
1253
1254
1252
1254
1255
1256
1257
1258
1256
1258
1259
1260
1261
1262
1260
1262
1263
1264
1265
1266
1264
1266
1267
1268
1269
1270
1268
1270
1271
1272
1273
1274
1272
1274
1275
1276
1277
1278
1276
1278
1279
1280
1281
1282
1280
1282
1283
1284
1285
1286
1284
1286
1287
1288
1289
1290
1288
1290
1291
1292
1293
1294
1292
1294
1295
1296
1297
1298
1296
1298
1299
1300
1301
1302
1300
1302
1303
1304
1305
1306
1304
1306
1307
1308
1309
1310
1308
1310
1311
1312
1313
1314
1312
1314
1315
1316
1317
1318
1316
1318
1319
1320
1321
1322
1320
1322
1323
1324
1325
1326
1324
1326
1327
1328
1329
1330
1328
1330
1331
1332
1333
1334
1332
1334
1335
1336
1337
1338
1336
1338
1339
1340
1341
1342
1340
1342
1343
1344
1345
1346
1344
1346
1347
1348
1349
1350
1348
1350
1351
1352
1353
1354
1352
1354
1355
1356
1357
1358
1356
1358
1359
1360
1361
1362
1360
1362
1363
1364
1365
1366
1364
1366
1367
1368
1369
1370
1368
1370
1371
1372
1373
1374
1372
1374
1375
1376
1377
1378
1376
1378
1379
1380
1381
1382
1380
1382
1383
1384
1385
1386
1384
1386
1387
1388
1389
1390
1388
1390
1391
1392
1393
1394
1392
1394
1395
1396
1397
1398
1396
1398
1399
1400
1401
1402
1400
1402
1403
1404
1405
1406
1404
1406
1407
1408
1409
1410
1408
1410
1411
1412
1413
1414
1412
1414
1415
1416
1417
1418
1416
1418
1419
